     0/999     1.93G      0.37      1.59      1.96         1       640         0         0         0         0
     1/999     1.95G     0.225     0.776         1         1       640         0         0     0.272         0
     2/999     1.95G     0.213     0.713     0.926         2       640         0         0     0.552         0
     3/999     1.95G     0.176     0.543     0.718         2       640         0         0     0.504         0
     4/999     1.95G     0.169      0.52     0.689         2       640         0         0     0.578         0
     5/999     1.95G     0.147     0.443      0.59         2       640         0         0     0.581         0
     6/999     1.95G     0.172     0.572     0.744         5       640         0         0     0.653         0
     7/999     1.95G     0.152     0.466     0.618         2       640         0         0     0.713         0
     8/999     1.95G      0.12     0.362     0.481         3       640         0         0     0.678         0
     9/999     1.95G     0.135      0.44     0.575         2       640         0         0     0.664         0
    10/999     1.95G     0.144     0.466     0.611         2       640         0         0     0.742         0
    11/999     1.95G     0.109     0.346     0.455         2       640         0         0     0.687         0
    12/999     1.95G     0.108     0.365     0.474         2       640         0         0     0.816         0
    13/999     1.95G    0.0792     0.286     0.365         2       640         0         0     0.811         0
    14/999     1.95G    0.0907     0.341     0.432         2       640         0         0      0.86         0
    15/999     1.95G    0.0645      0.26     0.324         4       640         0         0     0.853         0
    16/999     1.95G    0.0664     0.293     0.359         3       640         0         0     0.851         0
    17/999     1.95G     0.048     0.239     0.287         2       640         0         0     0.869         0
    18/999     1.95G    0.0394     0.217     0.257         2       640         0         0      0.87         0
    19/999     1.95G      0.03      0.19      0.22         3       640         0         0     0.872         0
    20/999     1.95G    0.0309     0.216     0.247         2       640         0         0     0.901         0
    21/999     1.95G    0.0265     0.178     0.204         2       640         0         0     0.901         0
    22/999     1.95G    0.0246     0.191     0.216         2       640         0         0     0.898         0
    23/999     1.95G    0.0413     0.241     0.283         3       640         0         0     0.883         0
    24/999     1.95G    0.0547     0.278     0.333         3       640         0         0     0.831         0
    25/999     1.95G    0.0954     0.357     0.452         3       640         0         0     0.762         0
    26/999     1.95G    0.0735     0.301     0.374         2       640         0         0     0.849         0
    27/999     1.95G    0.0591     0.272     0.331         2       640         0         0     0.868         0
    28/999     1.95G     0.045     0.228     0.273         2       640         0         0     0.897         0
    29/999     1.95G    0.0609     0.295     0.355         2       640         0         0     0.836         0
    30/999     1.95G    0.0449     0.237     0.282         2       640         0         0     0.871         0
    31/999     1.95G    0.0461      0.25     0.296         2       640         0         0     0.835         0
    32/999     1.95G    0.0684     0.302      0.37         2       640         0         0     0.844         0
    33/999     1.95G    0.0566     0.272     0.328         2       640         0         0     0.852         0
    34/999     1.95G    0.0418     0.229     0.271         2       640         0         0     0.883         0
    35/999     1.95G    0.0556     0.264      0.32         4       640         0         0     0.865         0
    36/999     1.95G    0.0464     0.236     0.283         3       640         0         0     0.878         0
    37/999     1.95G    0.0466     0.241     0.288         2       640         0         0     0.902         0
    38/999     1.95G    0.0406     0.227     0.267         2       640         0         0     0.893         0
    39/999     1.95G    0.0278     0.175     0.203         2       640         0         0     0.911         0
    40/999     1.95G    0.0189     0.131      0.15         4       640         0         0     0.912         0
    41/999     1.95G    0.0179      0.15     0.167         6       640         0         0     0.891         0
    42/999     1.95G    0.0507     0.255     0.306         2       640         0         0     0.869         0
    43/999     1.95G    0.0412     0.223     0.264         2       640         0         0     0.886         0
    44/999     1.95G    0.0395     0.216     0.256         3       640         0         0     0.914         0
    45/999     1.95G    0.0393     0.218     0.257         2       640         0         0     0.881         0
    46/999     1.95G    0.0375     0.216     0.253         3       640         0         0     0.897         0
    47/999     1.95G    0.0259     0.168     0.194         4       640         0         0     0.895         0
    48/999     1.95G    0.0299     0.189     0.219         2       640         0         0     0.895         0
    49/999     1.95G    0.0282     0.191     0.219         5       640         0         0      0.92         0
    50/999     1.95G      0.04     0.222     0.262         2       640         0         0     0.885         0
    51/999     1.95G     0.032     0.196     0.228         3       640         0         0     0.897         0
    52/999     1.95G     0.031     0.195     0.226         2       640         0         0     0.895         0
    53/999     1.95G     0.024     0.161     0.185         2       640         0         0     0.902         0
    54/999     1.95G    0.0185     0.132     0.151         2       640         0         0     0.909         0
    55/999     1.95G    0.0128      0.11     0.122         3       640         0         0     0.913         0
    56/999     1.95G    0.0118     0.103     0.114         3       640         0         0     0.914         0
    57/999     1.95G    0.0145     0.133     0.148         3       640         0         0     0.913         0
    58/999     1.95G    0.0136     0.123     0.137         2       640         0         0     0.919         0
    59/999     1.95G    0.0126      0.12     0.133         4       640         0         0       0.9         0
